https://stackoverflow.com/questions/10138085/python-pylab-plot-normal-distribution

import matplotlib.pyplot as plt
import numpy as np
import matplotlib.mlab as mlab
import math

mu = 0
variance = 1
sigma = math.sqrt(variance)
x = np.linspace(mu - 3*sigma, mu + 3*sigma, 100)
y = mlab.normpdf(x, mu, sigma)
plt.plot(x,y)
plt.show()

-3	0.00443185
-2.93939394	0.00530579
-2.87878788	0.00632878
-2.81818182	0.00752133
-2.75757576	0.00890582
-2.6969697	0.0105065
-2.63636364	0.01234943
-2.57575758	0.01446241
-2.51515152	0.01687483
-2.45454545	0.01961746
-2.39393939	0.02272223
-2.33333333	0.02622189
-2.27272727	0.03014961
-2.21212121	0.03453857
-2.15151515	0.03942137
-2.09090909	0.0448295
-2.03030303	0.05079264
-1.96969697	0.05733801
-1.90909091	0.06448952
-1.84848485	0.07226707
-1.78787879	0.08068571
-1.72727273	0.08975477
-1.66666667	0.09947714
-1.60606061	0.10984842
-1.54545455	0.12085626
-1.48484848	0.13247967
-1.42424242	0.14468855
-1.36363636	0.15744319
-1.3030303	0.17069405
-1.24242424	0.18438164
-1.18181818	0.1984366
-1.12121212	0.21277993
-1.06060606	0.22732351
-1	0.24197072
-0.93939394	0.2566174
-0.87878788	0.27115285
-0.81818182	0.28546117
-0.75757576	0.29942268
-0.6969697	0.31291556
-0.63636364	0.3258175
-0.57575758	0.33800759
-0.51515152	0.34936814
-0.45454545	0.35978656
-0.39393939	0.36915722
-0.33333333	0.37738323
-0.27272727	0.38437808
-0.21212121	0.3900672
-0.15151515	0.39438923
-0.09090909	0.39729716
-0.03030303	0.39875915
0.03030303	0.39875915
0.09090909	0.39729716
0.15151515	0.39438923
0.21212121	0.3900672
0.27272727	0.38437808
0.33333333	0.37738323
0.39393939	0.36915722
0.45454545	0.35978656
0.51515152	0.34936814
0.57575758	0.33800759
0.63636364	0.3258175
0.6969697	0.31291556
0.75757576	0.29942268
0.81818182	0.28546117
0.87878788	0.27115285
0.93939394	0.2566174
1	0.24197072
1.06060606	0.22732351
1.12121212	0.21277993
1.18181818	0.1984366
1.24242424	0.18438164
1.3030303	0.17069405
1.36363636	0.15744319
1.42424242	0.14468855
1.48484848	0.13247967
1.54545455	0.12085626
1.60606061	0.10984842
1.66666667	0.09947714
1.72727273	0.08975477
1.78787879	0.08068571
1.84848485	0.07226707
1.90909091	0.06448952
1.96969697	0.05733801
2.03030303	0.05079264
2.09090909	0.0448295
2.15151515	0.03942137
2.21212121	0.03453857
2.27272727	0.03014961
2.33333333	0.02622189
2.39393939	0.02272223
2.45454545	0.01961746
2.51515152	0.01687483
2.57575758	0.01446241
2.63636364	0.01234943
2.6969697	0.0105065
2.75757576	0.00890582
2.81818182	0.00752133
2.87878788	0.00632878
2.93939394	0.00530579
3	0.00443185


import matplotlib.pyplot as plt
import numpy as np
import matplotlib.mlab as mlab
import math

mu = 882
variance = 30.56*5
sigma = math.sqrt(variance)
x = np.linspace(mu - 3*sigma, mu + 3*sigma, 100)
y = mlab.normpdf(x, mu, sigma)
plt.plot(x,y)
plt.show()

844.9163109	0.00035853
845.6654763	0.00042923
846.4146417	0.00051199
847.1638072	0.00060846
847.9129726	0.00072046
848.6621381	0.00084996
849.4113035	0.00099905
850.1604689	0.00116998
850.9096344	0.00136514
851.6587998	0.00158702
852.4079652	0.00183819
853.1571307	0.0021213
853.9062961	0.00243905
854.6554616	0.0027941
855.404627	0.00318911
856.1537924	0.00362662
856.9029579	0.00410903
857.6521233	0.00463854
858.4012887	0.00521708
859.1504542	0.00584627
859.8996196	0.00652732
860.648785	0.00726099
861.3979505	0.00804751
862.1471159	0.00888653
862.8962814	0.00977704
863.6454468	0.01071735
864.3946122	0.01170503
865.1437777	0.01273685
865.8929431	0.01380882
866.6421085	0.01491612
867.391274	0.01605314
868.1404394	0.01721349
868.8896049	0.01839004
869.6387703	0.01957497
870.3879357	0.02075986
871.1371012	0.02193575
871.8862666	0.02309327
872.635432	0.02422273
873.3845975	0.02531427
874.1337629	0.02635802
874.8829284	0.02734417
875.6320938	0.02826322
876.3812592	0.02910605
877.1304247	0.02986412
877.8795901	0.03052959
878.6287555	0.03109546
879.377921	0.0315557
880.1270864	0.03190534
880.8762518	0.03214059
881.6254173	0.03225886
882.3745827	0.03225886
883.1237482	0.03214059
883.8729136	0.03190534
884.622079	0.0315557
885.3712445	0.03109546
886.1204099	0.03052959
886.8695753	0.02986412
887.6187408	0.02910605
888.3679062	0.02826322
889.1170717	0.02734417
889.8662371	0.02635802
890.6154025	0.02531427
891.364568	0.02422273
892.1137334	0.02309327
892.8628988	0.02193575
893.6120643	0.02075986
894.3612297	0.01957497
895.1103952	0.01839004
895.8595606	0.01721349
896.608726	0.01605314
897.3578915	0.01491612
898.1070569	0.01380882
898.8562223	0.01273685
899.6053878	0.01170503
900.3545532	0.01071735
901.1037187	0.00977704
901.8528841	0.00888653
902.6020495	0.00804751
903.351215	0.00726099
904.1003804	0.00652732
904.8495458	0.00584627
905.5987113	0.00521708
906.3478767	0.00463854
907.0970421	0.00410903
907.8462076	0.00362662
908.595373	0.00318911
909.3445385	0.0027941
910.0937039	0.00243905
910.8428693	0.0021213
911.5920348	0.00183819
912.3412002	0.00158702
913.0903656	0.00136514
913.8395311	0.00116998
914.5886965	0.00099905
915.337862	0.00084996
916.0870274	0.00072046
916.8361928	0.00060846
917.5853583	0.00051199
918.3345237	0.00042923
919.0836891	0.00035853